3 3 150
41 91 99 
6 90 38 
15 145 15 
-0.005212924481615503 -1.3994187388295007 0.18826837027647172 -1.895467045112659 -0.9525421219560097 1.0915551598685633 0.16506016181756025 1.849565426649075 -1.8021977741185313 -0.35675507862136996 -1.406445580162932 1.2298322710544085 0.0365885452738142 1.0258409466498706 -0.8739060636262193 -0.6260290057195317 0.6125339772517746 -0.23440114498807993 0.09251353684434507 -0.698033538882737 -0.28832242890873117 -0.5857655428603241 0.4602414607937405 2.061137127402038 0.2063800832277211 -0.8188920735797547 -1.3567159998142349 1.3418874191844585 -0.9078281501782458 0.7709387227382989 2.043725368132161 -0.5331904665643438 1.704552347945013 0.2844622526659364 1.151306551944258 0.6230409516271379 0.441545471982334 -0.9191661944742876 -1.2997182544644352 0.3488406831473217 -0.15932613394724662 -0.7908352345745635 0.8225181287215043 0.8475351003223878 0.7720928391421686 0.38844878912587516 -0.09992265621684462 0.44690609642020107 0.8561582672660077 0.4943274024438473 -0.32384725271738496 -0.5867519456143748 0.5257178250646926 -0.6065244230957765 0.592025545343493 -0.1127881805213332 0.04035470014059208 -0.34648528748920543 1.339456224925219 -0.08556139388322068 1.4653147942226112 0.6132840641628827 -0.14992816354618888 -0.18060929163722847 -1.0486454785270873 1.1114005840138006 -1.4975472787934048 1.2279356171495157 0.3811244904850319 -1.0702817883934623 -0.11389011537126087 0.3245017424596797 -0.1564368097639318 1.3499326995603214 -1.0615835387917945 0.7974216937257432 1.538199306806589 -0.4085724063368969 0.6010558898707747 0.07768294168983213 -0.36282625331604135 -0.9890659578630986 1.5056395880694626 1.474595604905751 1.2362193557204695 -0.4936348580399944 -1.1243316171632114 -0.9833327356504818 1.8413768657956304 -0.649378407485082 -0.7769382758145841 -0.16360814612361166 0.17414276022171463 0.5713013312342708 -0.1369026128110939 0.6190195818382643 -0.2925959751251507 -0.744524758458 0.9472500867412497 0.9722551071263488 
0.9915933600883875 -2.597505136713069 0.9216783294306834 0.678852552990866 -0.6915180137524435 0.15939000783820792 -0.2277750291881486 -1.0177381967064474 -1.0084822033726744 0.2516324703823665 0.9427463897394517 -1.571371823349031 0.7353332390778936 0.4019389801380541 0.3882181277493916 0.32669597266295813 2.049643593589573 -0.7911857300247012 1.779342371477536 0.974802393522434 0.9782507891525765 0.35100576959005136 -1.5893651154043285 1.2338563553165853 -0.49713258824105605 0.6728544613549301 -2.79198431538999 0.5932588942042861 0.7102104671070791 0.4270731612628354 -0.3682384502885446 0.21711326133566844 0.4479162985437692 0.2909769715119007 0.0231118554804946 -0.012223418621777324 0.21115067569810525 0.35319275162333036 -0.3926099875323666 1.0110200103637366 0.38355178410607454 0.7654821411132022 -0.8608266717062546 -0.3620783637802257 0.8211280002768003 -0.12846837849457973 0.49602521524176163 -0.8884260945785609 1.0952770421981968 0.6201731885177981 -0.6069354948287609 -0.05926879393892585 1.03548918270714 0.7843934049806288 -0.5729311488087768 -0.899410594033057 0.937400397317834 -0.5979278994424724 0.5600971899119643 -0.5991511438627781 -1.0602428808566942 1.1782964961902058 -0.5527398076914911 0.6079564776288152 -0.42239743580592837 1.2190983418102421 -1.1120288748047054 0.42878379368480996 0.7444298813076318 0.3279290286253268 1.1231282685091508 0.6143978168853732 0.3511618354062236 -0.8285831224091602 -0.6117883804818706 -0.42638224424419985 -1.6403164006977862 0.566363717310856 0.8446246973983969 -0.6754400865419947 0.8970156276906165 0.8947831745291649 -0.21144210264372065 0.21691895164788463 -0.28245411979762514 0.8169332302532836 0.7034068755325569 -0.95922885813042 -0.6197389709219088 0.07845945946732659 -0.16974029137573918 -0.38462075439288734 0.557848905003331 -0.4297918775446942 -1.0478771995769194 -1.0818614154258877 -0.5735717027666777 -0.3099038349102079 -0.39914483443689 -1.9445877683387327 
-1.4103390016958537 -2.6139510770392085 -0.26683976265615655 0.5041454688484207 -0.028303790741702337 -1.088737834483896 0.11456073250192803 -1.2775100617974522 0.46841850796824674 1.6231735966020242 -0.8833762953984614 0.05247126718991052 0.9872231084043991 -1.6532320910815397 -0.5945791633835708 0.38874865029265687 1.3278941902537054 -2.1624021047912247 0.3903822027680663 1.452392835513597 0.8159397395856737 1.0482581456760163 0.21206299597224146 -0.06821864217722258 0.331955349847925 1.1408485435215339 1.1630301629086837 -0.71911854889763 -0.06421993887222768 -0.49979264892416275 0.2748981058975599 -1.9321979347578924 -0.4566471934772561 -1.9092975096637335 -0.25599109510983814 -0.1667880917395579 1.7915128841982964 0.9729193148353353 -0.33452615733958174 0.582487527360311 -0.12475825347618376 1.479959825439321 -2.2774787475430722 -0.6787416236096165 -0.4586232321397686 -0.35146826139105647 -1.8268201424867132 -1.0146867767480785 0.8862702686827156 0.6953868164556392 -1.1770050496970053 0.0967820222813181 -2.508875861398638 -0.52273703300672 -0.3594298610268535 -1.2442174139200621 0.49469527890856546 0.0678474225692768 -0.23752295126121262 -1.3945779902270634 0.338464169068264 0.789521213519155 0.2098805804327501 -0.3932520648758936 -1.4158906092907164 -0.0760011799487949 -0.21789590795187552 0.33303554572421157 1.0368690317587586 0.10484379774072387 -0.9986322012013359 -1.0142292351371447 -0.2125819295479328 0.17890482901212795 0.6547606234662147 -0.12890073428748855 1.3199148606408826 0.8782846637532863 -0.9589273860207158 1.4487018765442836 0.5962589816130343 1.3105665065664684 -0.3015109895060297 -0.31730807499116487 -0.4698842125554402 1.36696954208007 -1.5531250573966102 -0.48401862721700933 -1.9143558937816043 0.22765699439901776 0.8145405162031352 -0.8300465705354634 -0.26368071123594194 -0.9711992607449722 0.11302916195748555 0.23205705776398478 2.178158148154496 1.3491964658772468 -1.090686308277651 1.0618687748681077 
0.41362351355108834 -1.5284671886470729 -0.7275628144697914 -0.5850570572651919 0.012819014554557 -1.658609468519433 0.1713151876788383 -0.02368013514735254 1.5033905600921804 0.5215472502499495 -1.3116186427355312 0.7926259832410163 -0.04700913023308191 -0.5602302773540432 0.3556921292250757 -0.18280925750349353 -0.05878266024138488 -0.12938729486518358 -1.006241312918969 -1.5086061448651826 -3.2179839061976327 0.04184504354848167 -0.711180644103159 -0.28983454635003375 0.09610038868579984 -0.2220094426099945 -0.9143859831186537 -2.057951935841083 0.23684042512754608 -1.084883064693101 -0.04166895133650982 -0.3071244149374286 -0.4144890152046892 -0.5268483892083993 -2.5119305268934475 -0.2616263092085804 0.3165065859612845 -1.5618583307168001 -0.3398582211590937 1.6350078787333735 -1.800382786736274 0.08742280908910319 0.39481468555657523 -0.771395523814714 -0.39856180990501844 0.6720687103605316 -0.45114759487286377 1.6440008147807448 -2.56602435751326 1.0006573631185363 1.3760698285600006 -0.8690864984666278 0.023400501587721025 -0.297529618874615 0.6336109472883218 1.6353822096387132 -1.3209220933500334 0.36377230977560615 -0.5095911451018664 0.511545946090008 0.22674389223197694 0.09247407071804618 -0.36050874273154127 -0.7653300587807599 0.10963858022183175 -0.07764041759453014 -0.22602155989321052 -1.445945434091464 -1.0487205812875506 -0.3251585077540611 1.2021089090826347 0.6543145058600057 -1.2780313564783468 2.271038924187893 -0.9933745154325209 -2.1155751150070126 0.510274918977699 -0.06921342783251543 -1.7463862723518002 1.0947560184218585 -0.5011200456466746 -1.6979500994974759 0.33964269552810794 -0.6646560796378016 0.3100872430947172 -1.6535896383670454 -1.5354432992278342 -0.2950493904401788 0.2297695059687444 0.8447106044148722 -0.269803354879499 0.1451640947501647 0.08507975379678089 0.5773708398167104 -1.2245496341731146 -0.812526495034256 1.618972918168961 0.14325469238330119 -1.3487496881632859 -0.11872586491688339 
0.8079939675213653 -0.18578150629555445 -1.172390561390188 -1.214528751275214 0.13202020351834243 -0.7816429968212775 1.011185619774651 -0.6603098577519251 -0.629370393627471 -0.9301745387585534 0.9247793125563905 -1.5809148760041523 -1.3407901344771034 -0.7257589259188489 1.3599014546041757 -1.1153238120166 0.6611805603675208 0.5656446529026097 -0.26476750949461025 -0.420831583713841 -0.16548012092106135 0.3594739715515236 0.9386724472439635 1.8610536868953147 0.7689539357091859 0.20696724864285257 1.1884732354444092 -0.4311701706914367 -0.3785687831056246 -0.4244973138526268 0.4261987352735711 -0.8708516166750936 0.14460258589584174 1.425356525994437 0.5768422226990326 1.8020569832431421 -1.1260659722208095 1.2915306381866531 -0.7755710484182692 -1.1697618830117733 -0.22611210127715436 -2.4623808745677636 -0.36275492039310736 0.03911777922725432 -1.1393445012753132 0.419310711841135 0.31762553860997805 -1.4799204947863493 0.09940074489685986 -0.4728711398864146 -2.6447227139287053 0.600808835796393 1.0253000903140526 -0.054388963657126775 0.9630802487111989 0.16039947463956217 -0.32478951097195674 -0.09020335552209438 -0.8916852238490867 0.10168396069303498 -0.27021738058770994 0.05806802536428892 -0.3047536037778561 1.2979241928429106 0.7408485749663523 0.25521536820209895 -0.7457395199793657 -0.2987282440092509 -0.641284295117301 -0.07410763398123957 0.4628542368692803 -1.0746623268963569 0.5027976981552668 2.0327847594890835 -0.3752413174182001 0.8557683004540736 0.5869595108375018 0.9721453878558902 -0.8112948026586337 -0.8661605435072938 0.34904028986158175 0.1368789450565567 0.20127242985899263 0.21729248416938957 -1.6702111304087626 0.13268773185346222 0.25114972395582 -1.4428651081402832 -0.100256584497198 1.5049177735267203 -0.8487195022343568 0.2668288763762168 0.5353790415721232 0.06089458407453892 1.1971721965894206 -0.3258874392848601 -2.1668540168179677 1.0147620069356236 -0.07886958716733296 0.5108542387608193 
0.1795744068752885 0.34302643878882044 0.8780435768268063 1.2346393571163408 0.7109594167969985 -1.1337148555546046 0.11675204641242588 0.6558866255483191 -1.558104400853164 -0.9703270269156494 0.8342307227327925 1.0619766949892173 1.7627956250161871 -1.7970853593262337 -0.6097631102810671 0.49412277519435205 0.38641959882303434 -1.1916467051850088 0.7281801614692985 1.1425928349424543 2.4843335734702006 1.0887715713660473 1.8554873460096664 -0.5368385285932854 0.12473113688612718 0.46924200422623946 0.3123449282022486 -1.0713381183976578 -0.7648963855015314 -0.3774161602295558 0.582720189880085 -1.00765962698398 -0.6789519259852085 1.7850263072564554 1.3034549658396222 1.6815934528506156 -0.18937027631595874 1.0522992996767104 1.3087840538372937 -1.030719573433873 1.0834844214156556 -0.6160315729720508 0.11172088620210673 0.48501464348628726 0.12766137700863528 -0.9198083902094055 -0.07107451884623278 -0.6908596593539543 0.8787465386101084 0.49733584793663993 0.35639727341739347 -0.393303655433697 -0.48929096671061584 1.8685529023343967 -0.11860539074629138 0.18475611959860083 -0.06372804134328781 -0.35243692913155744 0.6632971068035995 0.8190912138651371 0.9416483319509673 -0.06640384649518075 0.7051391831705616 1.862944908099255 -1.1806631622869317 -1.1149619767155563 -1.6088496444843379 1.8459643937375143 -1.5553938726000087 0.6435922913907594 -1.5292888866721148 0.20012339303950996 -0.7550812510064372 -0.40628114458405 1.4111941616009365 0.8928290286439888 -0.37329877286484614 -0.964789698583294 -0.22357548007235048 2.0779596306163297 -0.1307546586953019 1.9581305807368128 0.032980638178802306 0.4990321949221346 -0.12428162527677582 0.7669711874385536 -1.101661360815905 1.0250577687728528 0.48900342656462775 -0.21151930246675388 0.4076011095356263 1.1917875163848295 -2.1554365652901257 0.514163203665072 1.1227697031027404 0.6461926639749971 0.7515746128278519 -1.121605858595937 0.19379609969403583 -0.618997676253603 
-0.6827789282814921 0.5668030366815323 -0.7696866759544861 1.1020446503025851 -0.5036690208407981 1.5867285128793154 -0.9695727973154372 -0.38653914246915 1.5639468117778386 -1.685326337568769 -0.5357808580586106 0.13018784235004358 0.24416477021018948 -0.3916819453025063 -0.42608570155270603 1.3960626025796388 -1.1103008417850655 -0.1787357801254817 1.02019889906011 -0.2980809316921778 0.441049671963879 0.02373614969867033 -1.2554742521886708 0.4493897681779955 -1.5357107929318723 -0.269312605902782 -0.6706198405433859 0.1247033077963145 -0.47834974371541117 0.2103508699223799 -0.36158929669158935 0.9591443832918514 -0.7171391589629666 0.2662752493518013 1.9072151476343435 0.8388233347951203 -0.49941537367206007 0.7184499932463656 1.3600285178120863 -1.0762681723865795 -0.15674525392990094 0.7864497331595268 -0.3735573248084996 0.5597622411022196 1.6768977132761527 -0.5400869850955945 0.9734481085147466 -0.07898984629650178 0.06253811361626857 0.35420103167708505 2.4961219199243176 1.1364589938790866 -0.11312411882363979 -0.7927559902217969 -0.5770407501790913 0.25862838102125274 -0.4910457629287716 1.072940409525257 0.8070739042682221 -1.284871771805853 0.9121924595588111 0.6825062694335237 0.32700569740193425 -0.8890650703621418 -0.3778852353057058 1.370187150196796 -1.0717900470325228 -0.8945346271223369 -0.8554469148211308 0.4942842307256615 -0.5867317753994946 0.04596451974574947 -0.8944933778516874 -0.9939000343107396 0.9795331079572007 -0.5239411254155981 -1.7005373044879983 1.86330532487115 -0.1133164311084394 -0.41402039865530094 -0.17010747653847558 -1.5135717879536035 -0.007589325735742326 -0.3726065977792152 0.5614469422010447 1.033188490987329 0.054292917516419126 -0.6042546838571836 1.3216194437644415 0.22122060436088095 0.10490208343948076 1.411887916231231 -0.1321512501852437 -0.7562353707325895 0.35423264288984785 -0.9302356440217283 1.4691743418879937 -1.035916360475883 0.8554471904161506 -0.23483905486702264 
-1.827616458845585 1.5170585562545877 -1.5611869002335368 -0.8572118144901469 -0.4182764870996952 1.3419889536059328 -0.1629136594574849 -1.4276990755892067 0.851414410337988 0.3365157788140933 0.10419287667310659 -0.39502107687399735 1.0968531201609126 1.2916805863523184 -2.277679918255743 1.9935434571685415 -1.1718451933341805 0.4269104968668245 -0.1542882887382618 -0.04321944362971154 0.37005400006578243 -0.1669745611494861 -1.0500616347958338 -1.3252730475300274 1.447585192802168 0.8260383751243536 0.12675316985984966 0.4870025751390221 -1.383577679524657 -2.129085159518374 0.6279590113723623 0.05517937659063264 0.8564540093444131 0.16233900090540518 -0.09829879660088098 -1.1070802900384487 -1.1633603523994638 0.8354943619849893 0.507823361748191 -0.08246252569971908 2.0895549269825304 0.97143352963209 -0.05568127654503947 0.7024727238411236 0.24420973840682897 1.6828486826792126 0.13623689376125012 0.3088755902124079 0.12639742471524654 -0.8754024901353994 -1.010528964992102 0.6675334000839171 2.4253772841623866 -1.630233509050735 -0.8643574394017081 -0.7222618625636751 0.09800365125924121 1.036060503237342 -1.2234244394861291 0.036697944289218784 1.2758943959601892 1.3025432228782288 0.22502035890532268 0.6588457946771452 -0.5657268014197271 -0.8729185785958423 -0.4016361811789347 -0.736026649420466 -0.14624398567554048 2.1601455893690673 0.6469055090334621 -1.362194477992669 1.28209369393831 -0.6542811798865549 0.25019244632258486 -0.3620636020567819 -1.2954166346502185 -0.9682462218152836 0.09671021005683636 -0.43384074504866665 -1.1063904357536858 -0.15613735342778157 0.5595889862564566 0.22556530713776843 1.557856593125094 0.40312014107842414 1.0491283278439882 0.9583768774876905 0.5092564469585672 -0.6545316114709129 3.2800244893543 -0.6193446438524115 0.6306960345786653 1.7533054082890958 1.8898715359441278 -1.3832213803513125 -0.8962959244349568 0.9819365173689821 1.046723795376684 -2.033578537238521 
-1.9559141152765984 1.2498271158906933 0.4820787301513525 -1.3804218337479344 -2.779177320158129 1.1964434424637183 0.31401923774086277 -0.11227142682963405 1.6283625383819953 -0.8213801488576765 0.7507939011301847 -0.05190421155742918 0.5214968911062283 0.2100386265267128 0.520234454206898 0.6356924111240844 -2.384932968324614 -0.4730482204349828 -0.479546638457345 -0.23404109052936423 1.5122208466887195 0.5154561513131779 0.9621940226023153 -1.292570241757159 -0.14449702135869177 -2.0661662019574 1.5385755876447507 0.42867984710912305 0.07667089392335404 -1.700357862047855 -0.8401171987656123 0.15595458165149712 0.04553316589580779 -1.2605875226307008 -0.5441683306749113 -0.4586551321467255 1.3491391156311952 -0.9342142344537694 1.0199561361586051 -0.31869871010134126 0.1187020713254325 -0.9813744892492667 0.23951218587028156 1.0336760339580275 -0.11331859386818509 -0.29800238308535676 -1.1167569188334785 -0.6739259891916244 -0.46809611476713725 -0.9782556501163439 -0.11241913542874103 -0.007932445051163453 -0.40329656504117145 -0.23126202035518692 -1.0649273097964111 -0.13306146128522975 0.9266504590248239 -0.04328768799190754 0.23385627212005225 0.31251849736453335 -0.5644935702484755 -0.2012972887536029 -0.1273428511499153 -0.3326885678026786 -0.3325658797845196 -0.7637582175276468 -0.10015025964590317 0.8339347953818413 0.8246728677163137 1.8311228479859514 0.7430519997305735 1.981226423996617 -0.46780899615036853 -0.2722214047469937 -1.0068686838236893 0.7679270791534615 1.3098208193516943 1.0966560669397574 0.4959758248038883 -1.044607191780155 1.050297105052921 0.6136812021818208 1.4564591706694079 -1.071546073466916 0.002959085845779121 2.1716872270050165 1.457301605176225 -1.5600586185650063 0.4456696944980638 -1.8707062992034516 -0.668519199855327 0.6651519636083697 -1.5519807680777276 0.4539244243596242 1.5035143111247873 2.006354114173793 0.28348986880357896 -0.1603275408878836 -1.2158467650167804 1.8742958136321286 
