3 2 150
18 119 
50 8 
118 72 
0.46486468722640306 -0.08912846782500332 -1.221314166578493 2.2217290381539145 1.3007282786626193 -1.08616724196755 1.8025154912000445 -0.7730717966645921 -0.45226339323036646 1.205200188202975 1.077635158769772 -1.0927230421078722 2.1135926038930717 -0.12517976384126142 -1.3740743698302482 1.9441724549048531 0.09208838542608565 -1.1665741728214152 0.684514942008707 -0.5043059490130944 0.6492273308721225 -0.9451106715810454 0.5160925482599336 1.980481875078304 0.6327478764342368 1.7176628441306396 0.16172525214872804 0.2252232521101511 -0.05127186942626036 1.3448687643919255 -1.9325363318813324 -0.7566211874866908 1.584453122736968 0.7019938204998207 1.332287075843507 1.9100218404340132 1.516693684861284 1.1332725550674372 0.397781753089119 0.6246901472212494 -1.2550935510563228 -1.1039938331289234 0.9326961864993969 -1.0170994073005173 -1.9746052564714367 -0.42705211905717055 0.7170164097010823 1.7807461519062424 -0.07558882417186848 1.118499995546736 -0.103867804817255 1.6374235301099238 -0.6751767554996042 0.5408764519421173 -0.2722533170301303 0.5424148891105658 0.2779785808889349 -1.7093933255049734 -0.9345397723732597 -0.8050450242663696 0.10990190469422441 -1.1919825569004634 -1.474211570716018 -0.9711743618904812 0.6909062132215065 0.40638496022289033 0.33146074685328386 -1.930944367045932 -1.0672897787276676 -0.11167257614523893 -1.058945697709803 0.6936213721959651 0.27989782859534057 1.4231539519704517 -0.40776182415289264 -1.1825050071770593 -1.6097955085230142 -1.5064120392758487 0.4451932043170741 1.9298253099187805 0.6756697292739711 1.4419665163819704 0.7356944264419307 0.1651508195632982 0.4272685692627705 -0.026313065877570953 -0.6723890289878883 1.7879716378101307 0.25355992140335515 0.3743240496456034 -0.5422958818027365 0.7041669786314805 -0.552167951554203 0.12391773316888642 0.7178198632123355 -1.9256754251430857 -0.7866877365770852 -2.2259946988130888 -0.8378603693059639 1.4993072429768772 
-0.6693819317883574 0.0756890005264662 0.712876546143465 -1.5581518068285847 -0.9865123432415864 1.220512678799464 0.03222870020914444 1.4180591821259796 0.9388534897754393 1.2794929694223731 0.5907713245887617 -1.1217270432294673 0.5484694961406522 0.7615687545432852 0.794067158755519 0.7137053836952636 -0.6439864124133757 -0.09638404622925784 -0.6621875615350681 -1.239750365077069 0.05220805482257116 -0.34621027427381207 -1.0994639461366693 -0.5579495281284939 -2.040571355428881 1.4187001242269397 0.0349029481461222 1.2211095466650315 0.4268982493881993 0.31041608145920174 -0.8126648192033643 -0.6910612871761203 -0.38558469599798045 1.4414032738819536 0.8510355761912991 2.0058960957563743 -0.8448379034849413 0.2714132276568168 1.7374627577649011 -0.6338051446207219 -0.13537311159319573 0.24802664144139383 1.2516383863233091 0.5223575585076464 -0.9181000737940588 1.0918873322832565 -0.4240235084829581 0.09741946418863566 -0.4371594784249836 -1.4303505596062582 0.40915048388338593 -0.15469456818332342 1.053900763197777 -1.303634087130215 -0.4346413422088966 -0.6552438018820852 1.015767123011463 0.4515125335741585 -0.7729504376724345 0.6714365342153591 -0.7008102327640885 -0.08135237487620754 -2.472525176225262 0.07143457387373343 -1.0400907488050177 1.2608398081770598 0.29070975473698235 -0.8353576818313926 0.433585014417547 -0.6957043003901885 -0.5649430620944959 1.2160815304892367 0.4044979854017409 1.8186666520802441 0.2870632556070034 -1.358430145288095 -0.7403517423051591 1.3753705216367658 -0.611798089632786 0.08724750960999109 -0.2359734043758825 1.1528970655999642 -1.9760037267464083 -1.088367291214859 1.5920507390508738 -0.7319542477759039 0.5064356204612689 -2.0767743076145044 0.5089714598127362 -2.508511415533357 0.18533387420154357 0.6116988421181803 0.01205944899220322 -1.443775278564527 0.828193360837821 -2.0001488873221067 0.10467511128743767 0.6033987187140241 1.6182428806302445 -1.3164486998662486 
0.5065961046684495 1.9194269591593445 -0.15098466525280402 0.2851260453593804 1.881910968940187 1.8054565901377297 0.9016015786535814 -0.16481993458241337 0.8913277363034929 1.3934000704886274 0.7975731079619744 0.4971951917443426 -0.05781055344912534 0.10925318146203004 1.1171389215677694 -1.479568050045529 -0.13779879493029581 -1.2238606149119926 -0.5774717522784957 1.1361761963501489 -0.7513755368199803 -0.2580390092696413 1.3209375650234294 -0.6403464042922687 -1.9115860549895018 -1.7501814411305718 1.3042986191070982 -0.5950216880456741 2.7701594389923963 -0.3500323330072187 -0.731437115598351 0.41755100062433514 0.3039461800994118 2.002149591730916 0.8594964980692646 0.09131760244851778 -0.8427623102023776 0.5374216352650427 1.145027356727961 0.8457505324338592 -0.548739875971721 -0.2533358354533583 -0.39229551114032185 0.5218487204260132 -1.511638814091312 -1.1372877022180825 1.8441481179596493 0.579050129324393 0.27324510481225583 -0.34858425344397015 0.2680389253245225 0.05392933522045193 0.37779946151537314 0.820373952568812 -0.011377824884390094 -2.1171131161704495 1.0723499704541946 -1.7654348877328254 -0.3439837474378655 1.1089034770774508 1.3775469690300648 -1.2983493845645917 0.6316776672874712 0.15385749303044757 -0.34909973317435816 -0.7224156413161357 -0.5806186339855103 -0.056501383650549866 0.3658947028154094 -0.5558310610100382 0.8977567583831697 0.381821610128015 -0.7092669322554518 0.715290792197846 -0.680994888655116 -0.23249957133012922 1.8335087950345366 -1.3389455707179805 -1.3464019864626813 1.976864606298629 0.07184106113867907 -1.8460225685975318 -0.11641493443967535 1.1523396285223195 -1.6593237036635644 0.5918202549071062 -0.31833671867333174 -0.22949083631267012 -0.6142281758623416 -0.7851727248959914 0.2843806238520063 1.315234223169077 1.5309808860315157 -0.5824888829615498 1.9134156800011637 0.9795959913073599 -1.2165646882856829 -0.7373321031413087 -0.7669013224162863 0.4519206416457335 
0.1698228697307436 -1.0038935092855734 -1.211856327195061 -0.9223026429325952 -0.9050807600323796 1.0914617701286198 0.18420749505400497 -0.19882048254265777 -2.0935072669685733 0.1626314658529014 -1.5905311421775228 1.0996909015255076 1.1950269396324897 -0.5975389085145653 0.04487491012956597 1.9249717963132478 0.46007994498726335 1.815418783122714 0.10173703525345106 0.2020597838425645 1.21714558707483 -0.1620310634844955 0.5737286960383297 -0.9944913196668794 -0.6303758360665416 -0.3897762782613602 0.038038102521265514 -1.1045151224134644 -0.29134486744386034 -0.9271220188836075 -0.4939125663770971 -0.19028275084403448 0.5868245844935144 0.47105960415770143 0.3184924038332671 -0.687708207888393 0.48196276172289665 -0.012002395057224764 0.7240618935051174 1.9896990097533909 -0.7412156211924248 -0.5566441313179471 -1.900005393685325 -1.056981249635791 0.5407142090723033 1.5503804939256007 0.8724761859844026 -0.08593184014569731 -2.1978762598895787 -1.486677099626085 -0.7656207711253068 -0.030795171938111817 0.13683753957981268 -0.132724661177396 0.18252747192808064 -0.9829285188238414 -2.065627761520317 0.5211659576379657 0.49309363147384794 0.5250220010655025 -0.33631773275751536 -1.6667964513006372 -0.22288842937098347 -0.22088650020246808 0.006334287051937317 0.1723854325268714 -0.6771753572912611 -0.6642990317666319 1.202909391239071 0.8277123796637234 -1.2920291058970432 -1.881212439580923 -0.7148600352289762 0.010899918659342058 0.8784370956144961 1.3720949232600617 0.3520089933168438 -0.946494797653541 -0.589141550542906 0.0851641891357336 1.822757831439975 1.29291552236263 -1.7479429728586746 -0.43406219784319394 -2.062539844675626 -1.1311935207127248 0.5970879352396736 0.01989349300938795 1.0526023437397543 -0.013834022640858017 -0.39172326718152567 1.246942218658135 -1.2787902113145462 -0.06243972784906414 -0.3101901384278772 0.5949590728973299 -0.3096550565175858 -1.236353211454808 -0.4786759080917272 -0.9199389075649111 
-0.3304791097249038 -0.2731297781924089 -0.15033032598860607 0.2615912143051174 -0.5144493336230435 -0.4242647832077209 -1.2917218362065461 1.71632451784591 -0.3999591202153712 0.5304840840313009 -1.2140028949105646 -1.5982420054676862 1.0613701787064502 1.062557702598335 1.0317690789286451 0.8522555616255404 1.8957163814235423 0.8319112355957303 0.8832877844607149 -0.48938641035945235 1.3330335770701722 -0.47062572571826233 0.36452626110184344 -0.27303075286070316 -0.8460841308048183 0.2991083873951453 -0.554775371597391 0.13280263864549727 0.45261477017648644 -0.005516148468537587 1.7925395962265995 -0.34600174802316297 -0.659629694881637 -1.7491139966662936 -0.3522251061202766 0.9944362614229223 -0.6495273617425883 1.1172542542996395 0.05856185601007989 0.9667073911968059 -2.1216860114722538 0.29671994968010773 -1.2281837359964554 -1.2087999371844234 -1.3147456700563271 0.5827942237403633 0.19619486542537595 1.0405969465610059 -0.4507515360145712 0.24097914599200276 0.9890044288147677 -1.5857090693922333 -0.5279977836991079 -1.0456023992623789 0.4874778974154102 0.6540567700406458 1.5115959379156834 -1.6158071442784152 0.9722853326918165 -0.32912350301664994 -0.9577746781183453 -0.05470068149951094 -0.24415056870433857 -0.019928356658994343 -0.23379458214653895 -0.07536790928878988 0.620025257898786 -0.08984885811324107 -0.35242765078054017 -0.07798442899758437 1.4287580176710957 -0.06687314740226048 1.7279908387038507 0.30005252717748054 -0.3596061522802006 -0.9072415987264884 0.47482425416341995 1.189916127051767 -0.377427011668274 -0.7476557276278609 -1.014234813777968 -0.6197610131571281 -0.5328854285037287 -0.0887170238735646 1.4860316085587386 0.2200650354990766 1.1663135257150312 1.47304129069137 -1.2745393818968334 -1.450151177366694 0.6814580640882956 -0.41826897495028154 1.2327104605087844 0.3780297084356184 0.3342683595964282 1.61651713368496 -0.7485220906403658 0.33070261596963646 0.5480340219663723 -0.5655767153747109 
0.12185719917634533 -1.099340437631192 1.0959544655108915 2.2706912123251723 -0.3171056718246045 -1.7120030056273017 -0.4547632546581158 0.5274524869891148 0.4840346977781805 -0.42046406325136626 -0.5449961904526381 1.383344700932422 -1.0581175125008506 0.7814300131366645 0.9996029447509198 1.1821439752272376 0.5291766947838938 -1.0154992757452872 -0.4926663062490953 -0.674481471712602 0.8162388334606756 0.2608953838273555 -0.7110132493151323 -0.1745185784818135 -0.2023767974410056 0.26161748069240576 -0.6704376519085815 -0.8856563456323068 1.432962251327289 -0.1154843993726704 -0.35783830673209277 -1.1617497004133024 0.1156742993911398 1.1887000427706464 0.4081339448247388 0.2388751566076261 0.1440397480654159 0.14069305754061925 -0.8977270098438345 0.05619574854020779 -0.25334378159419957 -0.011697017978224393 -0.05960657193093629 0.7056674358588936 0.02269619077500865 1.4736947573179213 -2.0693851784234134 0.7267289641769596 -0.8751916425996404 0.021583832717459214 0.9038453649141858 0.07730417878989429 1.1609889367498454 2.758578821874669 0.6832625106481921 -0.1300614869109139 -1.6442524240464134 -0.6637627961903282 0.5468205591283547 -0.07321003840354984 1.4566476969765507 -1.0912052298005357 -0.46483695123834773 1.1396339908880522 -0.248635045771411 -0.9008522599402465 -0.6100543957190635 -0.5590727359739172 -0.46645360238557254 -1.3661761367271446 0.8933724291792635 -0.29498077142900525 0.2989612185143537 0.4318432139480564 -0.5961740261592058 0.20360480908329054 -1.658682941819822 0.12277742093407307 -0.21655715442400902 0.002714083705330524 -1.1279794094775608 -1.0113020915983162 -1.5756080265192516 -2.0471217740917043 0.21303971657624218 1.352162974953585 0.4470113895153443 -0.031016800202760136 -0.7439843300531568 -1.3676126312944503 -0.6728632320858945 -1.0962147667676228 0.9154551785585718 0.020530649845654673 0.10755818354210951 -1.3592344507676424 0.47448714074493464 0.7000849074598763 -0.3594220122341569 0.9162274860352295 
