3 2 150
65 115 
13 43 
117 95 
0.7454845362267087 -0.41357696778838665 2.0479470034663865 -0.15216535227720318 -0.02550893361834911 0.36778479451327745 1.0379355218532171 -0.33633020896139026 0.0075395496139614585 -0.4994667324849411 0.700922626425694 0.06951795665330213 -2.4377991576753475 -0.9348161359098168 0.27020789537266515 -0.05684221166058664 -1.3193786915100316 -1.3603963880899221 -0.3110101994475669 -1.8479393280351246 0.3251295416795862 0.5905942906739481 0.48249252139452053 -0.3702513430420542 -0.3135996269801585 -0.07631500254540846 0.4059777058661318 0.1082492769332271 -0.9478619483902295 -0.9225929859971638 1.222418671359788 1.3531244933054212 0.03495087990871867 -0.9343112154478498 0.6245570199375952 1.4340688834290805 -0.30643546312457715 0.34893119619653273 0.9464730725540182 1.182139796149337 -0.1297511194681807 -1.2248364344334148 0.49941419302762063 -1.1148433237140716 -1.628604702154514 1.1621166878963118 3.270048976332057 0.2898429146886122 2.1703636534282227 -0.5068620087765264 -2.0611982864005407 -0.6305285958321842 -0.05401621613242528 0.37704792314017777 -0.8527492145719492 -2.937082382806741 -0.43761657014554484 -0.08408598908604693 -0.8365476031285711 1.3038984053887681 2.2904676626374845 1.2923102661424473 -0.7413759872846147 0.3460917349097978 -0.17169566007029646 0.4042784725961121 0.13608942125085863 0.036563310253235 1.264810564366365 0.06840056430180218 -0.37982338884854927 0.9295788567580086 0.42954785738206575 -0.6515761195946022 0.7934258053608775 0.32704789967899317 -2.014034469607851 -0.0935692803709466 -0.011522648962681448 -1.129158795928901 0.8062995661121132 1.6490006714568195 0.4813074813656041 1.6228704848356 -0.7472243186710189 -0.590985639647434 0.6603036825589479 -0.47363953943376064 0.025067870196736498 1.5895467517497068 -1.3036032122296761 0.921789762040523 -0.17005477299350916 -0.7115325497341309 -0.6359501002959749 -1.1926466546583925 0.40367808033592517 -0.23758122990161903 0.7593195020194862 -0.5362869552736187 
-0.7294107289714121 0.40398999078136355 0.34143026343048966 0.5633428325587527 -0.21454379725579664 0.15973437744729377 0.4856652068089967 -0.19541964287134722 0.688559720444237 -0.09500507138488945 1.3547935294772457 1.0900132363607131 -0.6213969042372388 0.5789561476868584 -1.0498382805095008 -0.7692938953277507 0.030610832454817796 -1.189390834402973 1.2506046454869006 0.4115663691240377 0.07026497610195273 -0.10030528250757571 -1.336107166690202 0.6854255839060546 -0.4094941719976124 -2.4741155397907053 1.5279529642650023 0.9831738587367224 0.8700461187810947 -0.7442249867479478 0.04818034928675926 -0.572039079915577 1.0300202268389096 1.0753986472774288 0.5639206641724389 1.2146833827787993 -0.631945841102698 0.25430131888969776 0.656495380280136 0.04809698923029173 0.4315018255987471 0.9472343162389957 0.024372222173047832 -0.9106513982173485 0.23861064426670903 0.2732354992945038 -1.1712126254693442 -0.23449018929050022 -1.99525995913349 0.8873779865641823 0.8680596595157497 1.4257890807899114 -1.107220936466066 1.159690710990248 1.0893495673154867 -0.750828539076256 0.5252964721920472 -0.2054307290534533 -2.3688335475763242 -0.025777323172460145 -0.38483984627733053 1.6359784592662345 -1.0984191756270072 0.6941017723908601 1.2113296136960092 1.075518806336215 1.0248719029774278 1.3830814708512047 0.15504368487194983 -0.4651126783303257 -1.175603882384174 -3.302567394536208 -0.012182759278221367 0.5336842274733765 -0.4619938510454692 0.27828176860499143 -0.2846543112001886 -0.1879449386317033 -0.32246440671514337 -0.3921359326030278 -0.14451736396171155 -1.3735569156232035 1.1853602313484242 -1.3274833127705274 -0.1356066825459105 -1.3549059438245634 1.0149093814178562 0.7289119326471923 -0.4091722414167696 0.4860906570580226 -0.18468170714757462 -0.10031459467306336 0.48362676674884597 1.3604411820871656 -0.31043576135555734 -1.1874785362522937 -0.12558768962826425 0.4972412951086185 -0.16113640584835404 -1.2916370387261553 
0.574273374783229 1.0653900695361007 -0.4018902916975986 -0.9239481160465849 -1.033811286372018 -1.4587801775241003 -1.1313267132906428 0.024907482866732826 1.174249076211893 2.707422388312032 -2.010879719025422 1.0849823372707408 -1.005297658850285 1.364898935020549 0.4835933751463081 0.9282918876479402 1.338250848357572 1.0650130485558384 -0.7570331002289701 0.11425526531647552 -1.321956282844282 1.7509851700654402 -1.1540443669914595 0.47268484673665595 -0.27287455824533957 1.4806662557013819 -1.1953704430073273 -1.566985385534502 -0.6198314291333352 1.1486275483003812 -0.5067013772350478 -1.153699962770526 -2.9183160477314485 -1.4949156655425637 0.49282536915692027 -1.2770134595811822 0.29266939231986255 -1.69589353726561 -0.7854954558599406 0.16314164050745886 -0.46667830426150575 -0.03517104360873752 2.223060021233345 -0.2460185490410174 -0.4757392682070398 -0.5927762968309477 0.7522064096289162 -1.1950381217574333 -1.6886827285159238 -1.1885834994520628 -0.05749329259308806 1.1862211055678182 0.013227326241002979 -0.9027668161426585 0.11633291351290477 -0.5171623177913193 -0.060143849957034014 0.15116830207136972 0.7035291927376911 -1.5724279164272765 0.8183620647437129 0.49622796102238814 1.0427480140764533 -1.592821532284 1.190731206561889 -0.5244639018179736 -0.5944870598910263 0.023647609336203267 -0.5622149748578626 -0.32959633567796265 1.2821668540599553 -0.7575867012475882 -0.18911576541504183 -0.8682761498275238 -1.189441810551344 -0.44678387757491855 0.9920047927705524 0.9937175675593021 0.21142063301889566 -1.4170457512471248 -0.05244648929903002 2.458169788404725 0.02779226397157706 0.5629333551877246 -0.3053601083977194 -0.2595849745378227 -1.4716372269678057 -2.256864308495992 0.6359507933395531 -0.19823472084755603 -0.8587105583799586 0.9542394317384262 0.4133757773298438 0.05534476887990459 -1.326266797604209 0.8720313524250922 -0.07519336664858058 -1.2001863759181985 -0.47072761949969394 -0.10479575494407206 
-1.4548636466165372 0.43426840077047046 -0.020877448594451054 -0.2203110835059721 0.7944606526974421 0.3973064760140575 1.1761587603041022 0.5936364273517023 1.229439280185706 1.032081477597304 -0.17278788228250544 0.6265019882798495 0.5189634720249412 -1.1071182853269783 -0.8144005651542738 0.9161819506286417 0.47902115035077525 0.24997996711127268 0.016476846480290488 -1.719054294360134 -0.5981078554944744 -0.6107555329471919 0.45086341762023363 -0.43255144872620527 -0.24392209010744711 -0.20385800879936908 0.4849720543886957 -0.4423840495616531 -0.14026347915282228 -0.9293939859169911 -0.5931917574092648 -0.9436334371224179 -1.7499043773685172 1.1803758896327217 0.6766208235847135 0.42620378427677 0.43087671665691946 -0.5913401932980976 1.1721234278634494 0.043004732361401274 -0.10565308333791937 1.1108938746210046 -0.09041714997071783 -0.1392413128387445 -0.5544133782299766 0.13615580025945742 0.886322027593787 -0.8766138361864375 1.038924200560507 -1.712292702605707 -1.3754945620835501 -0.6996397814773346 -0.18448096935168148 0.7376135820014258 1.0740630738583545 -1.395913891370798 0.14848689717090194 1.420223693401437 -0.7750227645939007 -0.6646327224595289 -0.07510857884683499 -0.3999187774459954 1.272774756452402 -0.11971038450697094 1.4692861045537189 -0.8123981188650018 -2.3369909589119 -1.154874775504786 1.3652792483177483 0.09639439804143386 0.4293523530059645 0.3991800821337069 0.14326967933904375 1.753753500791941 -0.965411439065738 -0.9730191895007141 1.390289618746258 0.12223217750789296 -0.9248693937610878 -1.359980767588751 -2.182732969632413 0.158124158867674 -0.2431782659434991 -1.7990323221522428 -1.4972263958300382 0.14089379547980455 0.4169192857562339 -0.9401634340839685 -1.5010924088473179 -0.8103545777456406 0.6398724136674845 -0.8771729907687568 -0.6144404149450426 -2.531934933388309 -0.7598016181271654 1.8081012220478296 0.38520333252593414 0.5030401758606324 -0.1501894495865713 1.0504529290701539 
-0.2859110631892731 0.3722528430125865 1.2768942672781094 0.9355693884025769 0.7316820774472925 -0.5924752660285307 -2.406099821250229 -1.0870927468207126 -1.6289566828401756 -0.3259527237121799 0.37345451955221876 0.7424991649654693 -1.7460996298204656 3.176996322762606 -0.5750022286014976 0.5099414091927872 -0.39701201893638566 1.0024191973864383 -1.5129897527351595 0.45542975741129754 -1.4639866308334528 -0.3824269195792527 -0.05600441784680423 0.512376724960861 -0.8453257393099552 0.2780001124677808 -0.4494844655053282 -0.36318803090085194 0.3674265035315308 0.397742142213634 -1.2894489347989115 -1.0335896260254283 -1.2776570439170338 1.5583007272573575 -0.050073906049109114 -0.010483824010466174 1.744691616689486 -0.797557696132365 1.8403959426194323 1.7970028362567987 -2.401696249316463 1.0781546071197468 0.411574605378819 0.09066734568229887 -0.9454109298590662 -2.0293540183413716 0.2775730416464325 0.5192509607241937 -1.3907959106983967 0.8257821472313465 -0.5511494391575509 1.8503306242140367 -0.7194749280379957 -2.2922138185419985 -0.8663434738530698 -0.02600329426515527 -0.01380577676650264 -0.33995418782128545 1.6423674139808648 0.9083070864591758 -0.871544265718436 -1.6517161792578174 -0.2108493156973636 0.10984207845342489 0.5548616799450846 1.5407675150820355 1.829499186298707 0.609690158407427 0.5284160479354943 0.6886880499084133 -0.1963738282675052 -2.118975937154113 -1.7598417121898833 0.23124667019145934 -0.7112277355206988 -0.4642984035709899 -0.5647067482426241 1.059281493811914 -0.14919022089748354 -0.07246277573904265 -1.401601871447472 -0.3626090521356523 0.16106109828130125 -1.0633124886237795 1.4283757145043232 -0.6332815703275408 -0.6517432861881184 -0.2978373638823556 -0.615360412772174 -0.5918812823211481 0.32286382395852486 -1.6490241308449003 0.2846456732064751 0.011532857618675374 -2.2653452670161887 1.0582774023263242 0.7078333489738496 1.2500312632033053 -1.509901808989162 -0.5645616732497888 
1.4869933342517352 -0.16532777049017086 -2.3245911435881883 -0.5768879412632721 -1.094580878783501 -1.0145841807172427 -0.47911802608085285 1.2985489378870352 -0.3458882006546011 -0.3581534621407425 0.023162219593073508 -0.6227715794127162 0.3513801454272216 -0.6460823774061212 -0.6121654739333352 2.126639488207665 0.5861587294608888 1.014721607526788 -0.2548216448576245 -0.3265747030667884 -0.08259173394036709 -0.32213380937513014 -0.5500101172332691 0.08354211060601664 0.12536687981144834 -0.9409753972961082 1.1656218105623348 -0.4625731815779039 0.7324749513221951 -0.23760743986015762 -0.4523982827301327 0.8603429787050437 1.0067167235127883 -0.24890869769726504 0.6737785324756093 0.1283566531433622 -1.3025669637178077 2.207746020932079 -0.5336028289449117 -0.8812672743419105 0.07089673829781205 -1.1960605135698135 -0.15427360318833927 0.05071132122407408 1.3426466671378607 0.0731111615879986 1.7111051865922544 -1.0051681739049911 -1.0022847056350288 -1.1064271867489357 0.7584318687294566 -1.1144287526409988 0.9487870412228857 -0.5250019124215596 0.09591097498884216 -0.7377169316671898 -2.3074051019252675 1.2241779874189818 1.093930976666349 0.09830580133107467 -0.34716508381009903 -0.10775865141146405 1.3576848423935055 -1.725405254497436 0.010831676962035705 -1.5321879045355031 -0.18107608515390378 0.028123289522119975 0.30070528602299473 -0.11689576660645418 0.03386515035969998 -1.206648925925468 1.3328501650432631 0.5148994814737132 -0.2354860104052515 0.3801729870301467 -0.7699926870534644 -0.12069977049804598 -0.3063490943241067 -0.11691373902203492 0.9051633421010772 -0.4013484746405424 0.5612222591065987 0.8532123380589197 0.3399876004894674 -0.11518191777326502 -0.9588349725935662 -0.2514444264052165 0.9572666584109669 1.4429931763856707 1.1613128571979516 -0.35234847751628307 -0.9678978340239277 0.4726202064407496 -0.17014535564242197 -0.9171108455616099 0.1559747023895083 0.5047348896962448 1.1822112226732713 0.58268151607799 
