3 2 150
11 116 
128 132 
36 106 
-0.6073335149857869 0.12828189539938256 1.0365569259347134 0.6290322751772612 0.7774859970677656 2.358578369767477 -0.6847681476143067 -0.864989019953406 0.27888084379670475 -1.8611182460608129 -1.4112248987501004 -0.8955521770414293 1.4180404715654884 -0.11820703368271716 -0.5367575826548437 -0.1214461329089789 -0.37560028933091577 -1.1422523469703245 0.14708531489980256 0.15320036758950872 -0.3495966568641101 -0.3130844157521196 -1.4090267891983912 -1.9404206610642598 0.6511806894775367 0.6480096393003623 -0.49655681334489854 0.20267956242245058 -1.278376077054156 1.360867366896742 0.5169340909588632 -0.7627189419251736 -1.2461018626758515 2.2178997434464187 0.611765215289538 0.038469136563276614 0.4268040980069397 -0.11001429967793099 -0.4265133467992977 -0.641733272761932 -1.5067944134843934 -1.097971835711464 1.4879440722140367 -0.5314159874689983 0.8199232113380492 0.2759237958570721 0.3227749944162923 0.2635673539919124 0.16449116349153037 -0.5703797379625172 1.0128692388866327 0.28353482728268103 2.0429236811800378 0.22330099811290527 0.619412874839233 0.5643958974135103 -1.170991674819745 1.6247837415317803 -0.4913563384943196 0.18540747138061683 1.4142923841837276 0.9496037949033065 -2.3570632835546594 0.40702594444588197 -1.0258658571105044 0.361904300773665 -0.2799980018400473 -0.6003706822345751 0.05687748094342316 1.2931125428232741 -2.135799264327918 -1.8388719946980199 -0.8233846144208162 -0.08898309406411399 1.3482121835164649 0.8610627883125397 -0.6818272927525962 1.2172278180454619 0.6653618894546802 -1.8967359461588977 -0.4324901975641074 -0.48050541034041766 0.41837477976902276 0.8197449493157641 0.3107689122629689 0.2772574852251074 1.0577644932097212 0.5075712690133185 -0.19096591319406578 0.04537348543403196 -2.0992369340198156 -0.37054506534513204 -0.8361114101096608 0.5062435675604038 1.5552741506762129 -0.12826829110499466 -1.4312204500049608 0.5119769829508143 -1.0238376770528383 0.9069127397504404 
-0.3669448271320919 0.3901738968324886 -0.5757628596302865 -2.100630833880718 -0.8450472214086887 -0.7887832095611347 0.7332900565390726 0.196513737603409 -0.832060454868213 0.08137162391378212 -1.4584806751060069 0.2853692090861748 -0.09055033782276177 0.08453066457771861 -1.250219367392746 0.24330399507744 1.5955070002516032 -0.7039095819249621 -0.417117404889232 0.04635032224214319 -0.6630758506108843 -0.9799229289944748 -1.0588262352186877 -1.5050160682355513 0.7929732210110765 1.1657530694396623 0.7925911374149123 -1.1079800283055854 -0.8953422660899715 0.17057125726772404 -1.3779817155560776 1.2088473694993536 -0.7196670830574332 0.6830104396972936 -0.9766105951719506 -3.1326974982163995 0.7838605437495577 -0.11035796178808288 1.333897858365877 -0.39472784901074215 0.39549901711827623 -1.5176539159709224 -0.8813827763715515 -1.0275824475598738 -1.1475445321063584 -0.8875012188987939 0.9690600565926479 0.8718424516424643 0.960914457478757 1.1378521703348257 0.05478204033595897 0.013194791954782984 0.19391997136034178 -0.3760821038325471 -0.1683532684220473 1.6188889299482787 1.9675103009156425 -1.9517615817527612 0.769735504673231 0.5262508620908051 0.003427325988762383 1.1815836589072888 0.8659827073920617 1.6875129634684336 0.5979791747048417 0.38065762162174904 0.3384731412408725 0.9228453404681969 1.4440452772648853 1.8462885986863478 -0.5231098537053241 -0.585100415033561 -0.27357040776884456 -1.2907082336598845 0.6953557152669483 -0.9540117065712277 2.106417269161578 -0.24411695485157178 -1.7701405411970346 -0.15450852132173984 0.4668618180491301 -0.35763182026618756 -0.0022227480288836664 -0.17046196066383007 1.9902709826703315 -0.41659951010093094 0.34668877221902134 -0.2716868725366924 -1.6089254999032443 -0.24868050252262605 -0.22656526675083558 -0.1466941478794736 0.25196965530982074 1.3612425221585271 -0.7561003178697131 0.6504336012863077 -1.5472333259594717 -1.2663243447061507 2.174136138449294 -0.8430818024729712 
0.834556574350527 0.9377270677634579 1.0792515600759762 -0.3338711874915935 3.2223661676949953 -0.0998905676673715 -1.2279528266237705 1.4884651835675928 -1.1330979486937023 -1.8509068420960666 -0.33893000629839903 0.1478312526431225 -1.0183693563698912 -0.6015085092924963 0.7958442474143657 0.7069115611149922 -0.17289919545493315 2.3100497766438677 0.18156624911518177 0.887659846876768 0.8038333847200496 -0.8662889187782804 -1.3256507995486657 -0.16372619945602943 -0.5171767109389899 -1.5923699881107194 -0.6007072107056171 1.3510539754530217 -1.4637885513271134 0.24938696039551925 -1.4322523511658594 0.7545362602716781 0.03306617875533225 -0.54909407562884 0.4296144313927749 -0.6939191576558078 0.4847181541877857 -0.5983202605685649 2.2390238531215747 1.5968000776509463 -0.37021677300433753 0.03879064029771143 -0.22096531084315363 0.23078780268240445 0.41208612178949633 -0.5795606707769094 -0.6162428144608236 -1.4710675361158732 -2.1501196453290112 0.6822539603978965 0.5018954246664732 0.05959891971886323 -0.8249228694333298 -0.27219071577035847 0.18632854870699406 -0.2132819560036269 -0.5147186651810525 0.3408104878233911 0.5062937451539482 1.1421059863322738 0.4030432930617739 -1.2255065054049243 -1.2634345533329263 -0.4276034454993001 -0.03016577045615452 2.396068939473613 -0.23036265929093594 0.06637494712066892 -0.2241119038844416 0.7193004218380267 1.2511343743696068 -1.1272875889529195 0.3613959294431327 0.5496165809636775 0.44824012815362535 1.0894686454735303 -0.21760370421343972 0.7585695968522331 0.8132765095945689 1.1294141054499913 2.3644109641548035 -1.823498733155452 -2.192342659597405 -0.3545146964697315 -0.9136802420404216 -1.8957054378639309 2.0771696247530924 2.4077505252160636 -0.4534933551762017 0.7973096897176437 2.06079005091704 -0.5273271408425266 1.4836718105534643 -0.5481205649002115 0.9491209868624347 1.2241509295212178 -0.10942563031388942 2.035014618068871 0.7974344390677774 0.36551429645521916 
-1.1380497128817357 -1.043897354316257 0.20290676925315324 -1.430450386634269 -2.3770029141014097 1.733940126138604 -1.8376948216402897 -1.1496130052949505 -0.5453317832930699 -0.6717055140298523 -1.6853674195821868 -0.6472969413655625 0.4871605441117604 -0.5129346953281865 -1.2479036175367035 0.5980676640043178 -0.8738327779012136 -0.5300958367010468 0.6674546675198416 0.028117394535541358 -1.9918672586119603 0.23841793865910438 0.5994996879862522 -0.7374084334439068 0.026426855301172326 -0.6733092845356046 1.0763830997601438 0.890018344014096 -0.924426928785711 -1.4229554841437122 -1.0149443851853148 1.5793759485819583 0.20980439161965372 1.3534337007729513 0.2997789854845825 -0.3491927007434823 0.8402676805988907 1.2745318240771877 -1.0262274079205598 -0.3716846059948375 -0.5456969563864144 0.4174551522650647 -1.73418832795751 -0.650963050021452 -0.5068231142209398 0.12130241475020818 -0.4008562002129959 -1.2378767097885137 -0.09824853829353425 0.6908502412171054 -1.2608180973840777 1.2268890926830363 0.6598218915978686 -1.6925733527716755 -1.9056448159630897 -0.20805570194204107 1.9011290512636883 0.9455719173223467 1.2631555064422437 1.9143020246894746 -0.2437781399503882 -1.1419771632525055 2.3844336903934815 0.3968071427144149 -1.6407862682254404 -0.43928388984683486 -0.9654884231854093 0.01234659605392317 -0.678059359627556 -0.41300779615962796 -1.4328486493177244 -0.6905433086419371 1.22906319310747 -0.9630754124489977 -0.45000896978474236 0.82163851956031 -0.33123265938534213 1.0498903473194248 -0.22167639135638023 -0.5962058770133621 1.6034673392563175 1.1346486941062008 0.5759533828314841 -1.1832306040288516 0.770259835233425 -2.0800032587639397 0.021882544802871513 1.0987613918266401 0.6823732190119708 0.41910695639852774 0.1948999668996184 1.1851517230618283 0.3099364306726973 -0.8557145771526384 0.32736104283803924 -0.49176119442219535 1.3325506629264332 0.39749441246046757 0.4422127746846631 -0.19624021046684323 
0.9866223509520786 1.3943848190977588 -1.2035722017069799 0.7085369980088594 -0.6728275185014714 0.3552264600605343 -0.2487484932099393 0.2144201133046109 -0.6229317483847506 1.881749062625115 0.759229080158264 -0.09258408951547722 -0.6722311676131905 0.7576573942098983 0.3796735523829457 -2.187755896843798 -0.6215330634828469 0.6024896028378169 -0.518357179914267 -0.5904476326600967 0.22384553739078067 -0.24997087793779096 -0.20268425550680805 0.3897182296177445 1.267372089088044 1.9561754211883666 -0.29543840098216784 1.4872610791094818 -0.042843759085025024 -0.28429734640371834 -1.3608528886993292 -0.05410269190679948 -0.051610600488841356 1.9086563861039183 1.4587809325027672 -0.9765674986517758 -0.4337255347994052 -0.614643674041045 0.6427062509715218 0.14406950832673424 1.3733939211934136 -1.3105147887342674 -0.5796292148160574 0.7843430490333906 0.8132078055082776 3.3167039522137363 1.8419696311202014 1.9783612314287262 1.0961495792351112 1.6401716232478616 -0.587241130253582 -0.146041050669095 -0.18138706420058842 0.11957793702421986 -2.1528740585781954 -2.4216937276652635 -2.1499207861334213 1.0246221719522044 -0.4369973890674984 -0.44727711020024824 -0.37317870390530183 0.40887720600036026 -0.3560080344632651 -0.13559754630908644 -0.8295349677910633 1.5740176758877193 -0.46252289210319325 -0.7232530863026426 -1.4547540845055458 -1.9985616318235868 -1.822023281921929 0.5389646394669095 0.7386264339603524 -1.0367096638272242 1.0355711832804277 -0.9544274286683698 0.648962585787461 0.01985815404226139 -0.016497041807707755 -0.06451515586500203 -0.4278778359519403 0.5771454824341736 -0.30885656176452697 -2.360907568777343 -1.1095152787615699 -0.15298212039984058 -0.5156340766681381 0.06766266557586946 -1.014098025822736 -0.051940804185438054 -0.10346828116750591 0.036879667383174664 -1.198769415883316 -2.087708502382943 -0.8776371481400592 -0.23004709905286622 -1.1370150620758195 -1.0399526488905002 -0.7094097559297013 -0.8697104695056755 
-0.2622288046473235 -2.018729204125719 0.49611167020225916 -1.446012918076049 0.21324070458464242 0.012624849374784454 0.8526561370477237 1.716275263598852 1.3499774936518643 -0.9436023546648017 -0.24979686515954785 -1.3907123362751814 1.9217188671720633 0.8293078535187203 -0.2064077293172778 -0.3308864906643316 -0.32154844898035184 -1.0370903653240975 -0.24718137785065303 0.5485313362707078 -0.174167171859599 0.8889481716803816 -1.3674670720988351 -0.14914210194161973 0.37239608342472386 -0.7803069821226334 0.15848769973003338 -1.0465254636429753 -0.5772342957527241 -0.054884951652598 -0.8084231629764412 -0.9083980001320112 -1.369090686577644 1.5357483218853207 0.04038581198556112 0.35001419731905514 -1.3675518614549929 -0.5390446768801752 -0.49482702139874224 1.5474467661300344 1.151535521325124 -0.339211428951747 1.4239973583993506 1.8945417286874429 -0.12180434916608573 0.28085174806778396 0.3231498786075647 -1.4552307027232065 -0.22759988521255736 -1.400446421149831 0.08089330350641731 -0.9905450826532114 0.12305535684498232 1.8411554431360329 -0.25050715220157166 -0.49862352056758513 -1.493072554270278 -0.9332934952345391 -0.2631046634199755 0.6116574491655742 2.066610359541008 0.10173635855756788 1.886468662684974 -1.9879758093747653 -0.015310567414717544 -0.20956794827050704 -0.3739878141184718 0.05067396006496153 0.3318473055945687 0.5521120448214231 -1.3202799741557625 -0.09818827778917413 -0.07941266635324865 3.0178049160662415 -0.9449197913075755 1.3283847487829163 -0.12114012886149435 -1.4274451130925188 -0.2666229023677597 0.2674459473869583 1.0733049956998255 -1.582855662390788 0.17928165437672522 1.763417265736896 0.3252220764583729 0.2156333503910486 -1.3509381892558014 -1.458112395362213 -0.07743677992924113 -0.10548970207874435 -1.8852404197781372 0.49537031298496803 1.4224539251365973 0.34623856003406567 1.0219708983354092 1.4943016945984087 0.37983945598881086 0.4117538365190685 2.2033816822780583 -1.5551612404657655 
